29.056305, -82.0257, 1363878421.6055
39.452606, -105.5522, 1363878421.6129
42.222305, -85.9043, 1363878421.6204
42.942505, -85.6161, 1363878421.6279
38.214493, -85.2053, 1363878421.6353
26.311005, -80.1009, 1363878421.6426
35.902206, -78.6283, 1363878421.6501
51.516693, 14.016693, 1363878421.6574
51.8667, 10.683304, 1363878421.6649
42.749496, -73.5951, 1363878421.6725
36.118896, -93.984, 1363878421.6799
39.922104, -75.2945, 1363878481.4217
36.0607, -95.8064, 1363878481.4298
53.3667, -1.5, 1363878481.4376
42.643295, -73.8748, 1363878481.4452
41.710495, -87.5645, 1363878481.4528
37.3956, -92.751, 1363878481.4601
34.7984, -77.3592, 1363878481.4679
42.749496, -73.5951, 1363878481.4755
43.664597, 7.1533966, 1363878481.483
33.943207, -84.318, 1363878481.4905
36.7968, -76.1767, 1363878481.4979
34.882202, -81.8511, 1363878481.5053
40.757797, -89.6098, 1363878481.5152
32.7948, -95.636, 1363878481.5231
42.977707, -85.711, 1363878481.5306
40.839905, -73.9422, 1363878481.5381
38.487198, -76.0867, 1363878481.5455
61.1886, -149.8878, 1363878481.5528
33.780304, -84.7719, 1363878481.5602
34.694504, -82.2789, 1363878481.5676
34.220505, -77.8702, 1363878481.575
34.7193, -86.5604, 1363878481.5836
29.5878, -95.2241, 1363878481.5917
42.749496, -73.5951, 1363878481.5995
40.260498, -75.6155, 1363878481.607
34.6342, -82.4211, 1363878481.6146
35.902206, -78.6283, 1363878481.6222
37.7014, -97.4405, 1363878481.6299
53.600006, -2.300003, 1363878481.6373
29.056305, -82.0257, 1363878481.645
39.452606, -105.5522, 1363878481.6525
42.222305, -85.9043, 1363878481.66
42.942505, -85.6161, 1363878481.6675
38.214493, -85.2053, 1363878481.6749
26.311005, -80.1009, 1363878481.6821
35.902206, -78.6283, 1363878481.6898
51.516693, 14.016693, 1363878481.6975
51.8667, 10.683304, 1363878481.7049
42.749496, -73.5951, 1363878481.7123
36.118896, -93.984, 1363878481.7199
39.922104, -75.2945, 1363878541.3716
36.0607, -95.8064, 1363878541.3797
53.3667, -1.5, 1363878541.3874
42.643295, -73.8748, 1363878541.3948
41.710495, -87.5645, 1363878541.4024
37.3956, -92.751, 1363878541.4099
34.7984, -77.3592, 1363878541.4173
42.749496, -73.5951, 1363878541.4249
43.664597, 7.1533966, 1363878541.4324
33.943207, -84.318, 1363878541.44
36.7968, -76.1767, 1363878541.4476
34.882202, -81.8511, 1363878541.4551
40.757797, -89.6098, 1363878541.4625
32.7948, -95.636, 1363878541.4699
42.977707, -85.711, 1363878541.4772
40.839905, -73.9422, 1363878541.4846
38.487198, -76.0867, 1363878541.4919
61.1886, -149.8878, 1363878541.4994
33.780304, -84.7719, 1363878541.5071
34.694504, -82.2789, 1363878541.5144
34.220505, -77.8702, 1363878541.5234
34.7193, -86.5604, 1363878541.5314
29.5878, -95.2241, 1363878541.5387
42.749496, -73.5951, 1363878541.5461
40.260498, -75.6155, 1363878541.5536
34.6342, -82.4211, 1363878541.5611
35.902206, -78.6283, 1363878541.5685
37.7014, -97.4405, 1363878541.5762
53.600006, -2.300003, 1363878541.5837
29.056305, -82.0257, 1363878541.591
39.452606, -105.5522, 1363878541.5985
42.222305, -85.9043, 1363878541.6059
42.942505, -85.6161, 1363878541.6133
38.214493, -85.2053, 1363878541.6208
26.311005, -80.1009, 1363878541.6288
35.902206, -78.6283, 1363878541.6362
51.516693, 14.016693, 1363878541.6436
51.8667, 10.683304, 1363878541.6512
42.749496, -73.5951, 1363878541.6586
36.118896, -93.984, 1363878541.6661
39.922104, -75.2945, 1363878601.4009
36.0607, -95.8064, 1363878601.409
53.3667, -1.5, 1363878601.4164
42.643295, -73.8748, 1363878601.4242
41.710495, -87.5645, 1363878601.4319
37.3956, -92.751, 1363878601.4393
34.7984, -77.3592, 1363878601.4466
42.749496, -73.5951, 1363878601.4544
43.664597, 7.1533966, 1363878601.4621
33.943207, -84.318, 1363878601.4694
36.7968, -76.1767, 1363878601.4769
34.882202, -81.8511, 1363878601.4844
40.757797, -89.6098, 1363878601.492
32.7948, -95.636, 1363878601.4994
42.977707, -85.711, 1363878601.5068
40.839905, -73.9422, 1363878601.5143
38.487198, -76.0867, 1363878601.5216
61.1886, -149.8878, 1363878601.5295
33.780304, -84.7719, 1363878601.5425
34.694504, -82.2789, 1363878601.5506
34.220505, -77.8702, 1363878601.5585
34.7193, -86.5604, 1363878601.5662
29.5878, -95.2241, 1363878601.5738
42.749496, -73.5951, 1363878601.5812
40.260498, -75.6155, 1363878601.5887
34.6342, -82.4211, 1363878601.5961
35.902206, -78.6283, 1363878601.6036
37.7014, -97.4405, 1363878601.6112
53.600006, -2.300003, 1363878601.6187
29.056305, -82.0257, 1363878601.626
39.452606, -105.5522, 1363878601.6337
42.222305, -85.9043, 1363878601.641
42.942505, -85.6161, 1363878601.6487
38.214493, -85.2053, 1363878601.6559
26.311005, -80.1009, 1363878601.6634
35.902206, -78.6283, 1363878601.6709
51.516693, 14.016693, 1363878601.6784
51.8667, 10.683304, 1363878601.6858
42.749496, -73.5951, 1363878601.6932
36.118896, -93.984, 1363878601.7005
39.922104, -75.2945, 1363878661.3429
36.0607, -95.8064, 1363878661.3517
53.3667, -1.5, 1363878661.3594
42.643295, -73.8748, 1363878661.367
41.710495, -87.5645, 1363878661.3746
37.3956, -92.751, 1363878661.3828
34.7984, -77.3592, 1363878661.391
42.749496, -73.5951, 1363878661.3991
43.664597, 7.1533966, 1363878661.4067
33.943207, -84.318, 1363878661.4142
36.7968, -76.1767, 1363878661.4218
34.882202, -81.8511, 1363878661.4294
40.757797, -89.6098, 1363878661.4371
32.7948, -95.636, 1363878661.4445
42.977707, -85.711, 1363878661.4521
40.839905, -73.9422, 1363878661.4597
38.487198, -76.0867, 1363878661.4672
61.1886, -149.8878, 1363878661.4747
33.780304, -84.7719, 1363878661.4822
34.694504, -82.2789, 1363878661.4898
34.220505, -77.8702, 1363878661.4971
34.7193, -86.5604, 1363878661.5046
29.5878, -95.2241, 1363878661.512
42.749496, -73.5951, 1363878661.5196
40.260498, -75.6155, 1363878661.5271
34.6342, -82.4211, 1363878661.5344
35.902206, -78.6283, 1363878661.5419
37.7014, -97.4405, 1363878661.5494
53.600006, -2.300003, 1363878661.5586
29.056305, -82.0257, 1363878661.5668
39.452606, -105.5522, 1363878661.5743
42.222305, -85.9043, 1363878661.5816
42.942505, -85.6161, 1363878661.589
38.214493, -85.2053, 1363878661.5967
26.311005, -80.1009, 1363878661.6041
35.902206, -78.6283, 1363878661.6115
51.516693, 14.016693, 1363878661.6191
51.8667, 10.683304, 1363878661.6265
42.749496, -73.5951, 1363878661.6339
36.118896, -93.984, 1363878661.6413
39.922104, -75.2945, 1363878721.4268
36.0607, -95.8064, 1363878721.435
53.3667, -1.5, 1363878721.4426
42.643295, -73.8748, 1363878721.4501
41.710495, -87.5645, 1363878721.4574
37.3956, -92.751, 1363878721.4649
34.7984, -77.3592, 1363878721.4724
42.749496, -73.5951, 1363878721.4801
43.664597, 7.1533966, 1363878721.4875
33.943207, -84.318, 1363878721.495
36.7968, -76.1767, 1363878721.5023
34.882202, -81.8511, 1363878721.5099
40.757797, -89.6098, 1363878721.5173
32.7948, -95.636, 1363878721.5255
42.977707, -85.711, 1363878721.5331
40.839905, -73.9422, 1363878721.5406
38.487198, -76.0867, 1363878721.5481
61.1886, -149.8878, 1363878721.5554
33.780304, -84.7719, 1363878721.5628
34.694504, -82.2789, 1363878721.5733
34.220505, -77.8702, 1363878721.5815
34.7193, -86.5604, 1363878721.5891
29.5878, -95.2241, 1363878721.597
42.749496, -73.5951, 1363878721.6043
40.260498, -75.6155, 1363878721.6119
34.6342, -82.4211, 1363878721.6195
35.902206, -78.6283, 1363878721.6276
37.7014, -97.4405, 1363878721.6349
53.600006, -2.300003, 1363878721.6423
29.056305, -82.0257, 1363878721.6502
39.452606, -105.5522, 1363878721.6575
42.222305, -85.9043, 1363878721.6649
42.942505, -85.6161, 1363878721.6723
38.214493, -85.2053, 1363878721.68
26.311005, -80.1009, 1363878721.6875
35.902206, -78.6283, 1363878721.6948
51.516693, 14.016693, 1363878721.7025
51.8667, 10.683304, 1363878721.7099
42.749496, -73.5951, 1363878721.7177
36.118896, -93.984, 1363878721.7262
39.922104, -75.2945, 1363878781.4234
36.0607, -95.8064, 1363878781.4314
53.3667, -1.5, 1363878781.4388
42.643295, -73.8748, 1363878781.4463
41.710495, -87.5645, 1363878781.4538
37.3956, -92.751, 1363878781.4611
34.7984, -77.3592, 1363878781.4685
42.749496, -73.5951, 1363878781.4757
43.664597, 7.1533966, 1363878781.4834
33.943207, -84.318, 1363878781.491
36.7968, -76.1767, 1363878781.4985
34.882202, -81.8511, 1363878781.5059
40.757797, -89.6098, 1363878781.5134
32.7948, -95.636, 1363878781.5208
42.977707, -85.711, 1363878781.5284
40.839905, -73.9422, 1363878781.5358
38.487198, -76.0867, 1363878781.5431
61.1886, -149.8878, 1363878781.5503
33.780304, -84.7719, 1363878781.5578
34.694504, -82.2789, 1363878781.5656
34.220505, -77.8702, 1363878781.5746
34.7193, -86.5604, 1363878781.582
29.5878, -95.2241, 1363878781.5893
42.749496, -73.5951, 1363878781.5969
40.260498, -75.6155, 1363878781.6041
34.6342, -82.4211, 1363878781.6115
35.902206, -78.6283, 1363878781.619
37.7014, -97.4405, 1363878781.6266
53.600006, -2.300003, 1363878781.634
29.056305, -82.0257, 1363878781.6417
39.452606, -105.5522, 1363878781.6492
42.222305, -85.9043, 1363878781.6568
42.942505, -85.6161, 1363878781.6643
38.214493, -85.2053, 1363878781.6717
26.311005, -80.1009, 1363878781.679
35.902206, -78.6283, 1363878781.6865
51.516693, 14.016693, 1363878781.6939
51.8667, 10.683304, 1363878781.7015
42.749496, -73.5951, 1363878781.7089
36.118896, -93.984, 1363878781.7162
39.922104, -75.2945, 1363878841.3786
36.0607, -95.8064, 1363878841.3868
53.3667, -1.5, 1363878841.3948
42.643295, -73.8748, 1363878841.4023
41.710495, -87.5645, 1363878841.4098
37.3956, -92.751, 1363878841.4172
34.7984, -77.3592, 1363878841.4247
42.749496, -73.5951, 1363878841.432
43.664597, 7.1533966, 1363878841.4395
33.943207, -84.318, 1363878841.4471
36.7968, -76.1767, 1363878841.4547
34.882202, -81.8511, 1363878841.4621
40.757797, -89.6098, 1363878841.4696
32.7948, -95.636, 1363878841.4772
42.977707, -85.711, 1363878841.4848
40.839905, -73.9422, 1363878841.4921
38.487198, -76.0867, 1363878841.4997
61.1886, -149.8878, 1363878841.5071
33.780304, -84.7719, 1363878841.5146
34.694504, -82.2789, 1363878841.522
34.220505, -77.8702, 1363878841.5297
34.7193, -86.5604, 1363878841.537
29.5878, -95.2241, 1363878841.5445
42.749496, -73.5951, 1363878841.5519
40.260498, -75.6155, 1363878841.5594
34.6342, -82.4211, 1363878841.5669
35.902206, -78.6283, 1363878841.5746
37.7014, -97.4405, 1363878841.5819
53.600006, -2.300003, 1363878841.593
29.056305, -82.0257, 1363878841.6016
39.452606, -105.5522, 1363878841.6091
42.222305, -85.9043, 1363878841.6165
42.942505, -85.6161, 1363878841.6242
38.214493, -85.2053, 1363878841.6317
26.311005, -80.1009, 1363878841.6394
35.902206, -78.6283, 1363878841.6467
51.516693, 14.016693, 1363878841.6544
51.8667, 10.683304, 1363878841.6619
42.749496, -73.5951, 1363878841.6693
36.118896, -93.984, 1363878841.6766
39.922104, -75.2945, 1363878901.4119
36.0607, -95.8064, 1363878901.4201
53.3667, -1.5, 1363878901.4275
42.643295, -73.8748, 1363878901.4349
41.710495, -87.5645, 1363878901.4425
37.3956, -92.751, 1363878901.4499
34.7984, -77.3592, 1363878901.4572
42.749496, -73.5951, 1363878901.4646
43.664597, 7.1533966, 1363878901.4722
33.943207, -84.318, 1363878901.4797
36.7968, -76.1767, 1363878901.4871
34.882202, -81.8511, 1363878901.4947
40.757797, -89.6098, 1363878901.5022
32.7948, -95.636, 1363878901.5096
42.977707, -85.711, 1363878901.517
40.839905, -73.9422, 1363878901.5245
38.487198, -76.0867, 1363878901.5319
61.1886, -149.8878, 1363878901.5395
33.780304, -84.7719, 1363878901.547
34.694504, -82.2789, 1363878901.5545
34.220505, -77.8702, 1363878901.5619
34.7193, -86.5604, 1363878901.5693
29.5878, -95.2241, 1363878901.5768
42.749496, -73.5951, 1363878901.5843
40.260498, -75.6155, 1363878901.592
34.6342, -82.4211, 1363878901.5997
35.902206, -78.6283, 1363878901.6102
37.7014, -97.4405, 1363878901.6182
53.600006, -2.300003, 1363878901.6256
29.056305, -82.0257, 1363878901.6331
39.452606, -105.5522, 1363878901.6405
42.222305, -85.9043, 1363878901.6481
42.942505, -85.6161, 1363878901.6556
38.214493, -85.2053, 1363878901.6631
26.311005, -80.1009, 1363878901.6705
35.902206, -78.6283, 1363878901.6778
51.516693, 14.016693, 1363878901.6855
51.8667, 10.683304, 1363878901.693
42.749496, -73.5951, 1363878901.7005
36.118896, -93.984, 1363878901.7082
39.922104, -75.2945, 1363878961.4335
36.0607, -95.8064, 1363878961.4416
53.3667, -1.5, 1363878961.4491
42.643295, -73.8748, 1363878961.4566
41.710495, -87.5645, 1363878961.464
37.3956, -92.751, 1363878961.4716
34.7984, -77.3592, 1363878961.4792
42.749496, -73.5951, 1363878961.4866
43.664597, 7.1533966, 1363878961.4941
33.943207, -84.318, 1363878961.5017
36.7968, -76.1767, 1363878961.509
34.882202, -81.8511, 1363878961.5164
40.757797, -89.6098, 1363878961.5238
32.7948, -95.636, 1363878961.5313
42.977707, -85.711, 1363878961.5389
40.839905, -73.9422, 1363878961.5468
38.487198, -76.0867, 1363878961.5544
61.1886, -149.8878, 1363878961.5621
33.780304, -84.7719, 1363878961.5696
34.694504, -82.2789, 1363878961.5774
34.220505, -77.8702, 1363878961.5848
34.7193, -86.5604, 1363878961.5922
29.5878, -95.2241, 1363878961.6004
42.749496, -73.5951, 1363878961.608
40.260498, -75.6155, 1363878961.6154
34.6342, -82.4211, 1363878961.6261
35.902206, -78.6283, 1363878961.6342
37.7014, -97.4405, 1363878961.6417
53.600006, -2.300003, 1363878961.6493
29.056305, -82.0257, 1363878961.6568
39.452606, -105.5522, 1363878961.6644
42.222305, -85.9043, 1363878961.6718
42.942505, -85.6161, 1363878961.6792
38.214493, -85.2053, 1363878961.6866
26.311005, -80.1009, 1363878961.694
35.902206, -78.6283, 1363878961.7014
51.516693, 14.016693, 1363878961.7088
51.8667, 10.683304, 1363878961.7161
42.749496, -73.5951, 1363878961.7234
36.118896, -93.984, 1363878961.7308
39.922104, -75.2945, 1363879021.4195
36.0607, -95.8064, 1363879021.4306
53.3667, -1.5, 1363879021.439
42.643295, -73.8748, 1363879021.4467
41.710495, -87.5645, 1363879021.454
37.3956, -92.751, 1363879021.4616
34.7984, -77.3592, 1363879021.469
42.749496, -73.5951, 1363879021.4764
43.664597, 7.1533966, 1363879021.484
33.943207, -84.318, 1363879021.4916
36.7968, -76.1767, 1363879021.4994
34.882202, -81.8511, 1363879021.5067
40.757797, -89.6098, 1363879021.5143
32.7948, -95.636, 1363879021.5216
42.977707, -85.711, 1363879021.5291
40.839905, -73.9422, 1363879021.5365
38.487198, -76.0867, 1363879021.5442
61.1886, -149.8878, 1363879021.5517
33.780304, -84.7719, 1363879021.5591
34.694504, -82.2789, 1363879021.5666
34.220505, -77.8702, 1363879021.574
34.7193, -86.5604, 1363879021.5816
29.5878, -95.2241, 1363879021.5892
42.749496, -73.5951, 1363879021.5966
40.260498, -75.6155, 1363879021.6039
34.6342, -82.4211, 1363879021.6113
35.902206, -78.6283, 1363879021.6187
37.7014, -97.4405, 1363879021.626
53.600006, -2.300003, 1363879021.636
29.056305, -82.0257, 1363879021.8469
39.452606, -105.5522, 1363879021.8549
42.222305, -85.9043, 1363879021.8633
42.942505, -85.6161, 1363879021.8709
38.214493, -85.2053, 1363879021.8793
26.311005, -80.1009, 1363879021.8876
35.902206, -78.6283, 1363879021.8958
51.516693, 14.016693, 1363879021.9036
51.8667, 10.683304, 1363879021.9111
42.749496, -73.5951, 1363879021.9189
36.118896, -93.984, 1363879021.9269
39.922104, -75.2945, 1363879081.4619
36.0607, -95.8064, 1363879081.4699
53.3667, -1.5, 1363879081.4813
42.643295, -73.8748, 1363879081.4894
41.710495, -87.5645, 1363879081.4972
37.3956, -92.751, 1363879081.5045
34.7984, -77.3592, 1363879081.512
42.749496, -73.5951, 1363879081.5193
43.664597, 7.1533966, 1363879081.5268
33.943207, -84.318, 1363879081.5342
36.7968, -76.1767, 1363879081.5416
34.882202, -81.8511, 1363879081.5491
40.757797, -89.6098, 1363879081.5565
32.7948, -95.636, 1363879081.5641
42.977707, -85.711, 1363879081.5715
40.839905, -73.9422, 1363879081.5789
38.487198, -76.0867, 1363879081.5863
61.1886, -149.8878, 1363879081.5939
33.780304, -84.7719, 1363879081.6013
34.694504, -82.2789, 1363879081.6089
34.220505, -77.8702, 1363879081.6163
34.7193, -86.5604, 1363879081.624
29.5878, -95.2241, 1363879081.6315
42.749496, -73.5951, 1363879081.639
40.260498, -75.6155, 1363879081.6471
34.6342, -82.4211, 1363879081.6587
35.902206, -78.6283, 1363879081.6664
37.7014, -97.4405, 1363879081.6739
53.600006, -2.300003, 1363879081.6813
29.056305, -82.0257, 1363879081.6888
39.452606, -105.5522, 1363879081.6964
42.222305, -85.9043, 1363879081.7039
42.942505, -85.6161, 1363879081.7115
38.214493, -85.2053, 1363879081.719
26.311005, -80.1009, 1363879081.7265
35.902206, -78.6283, 1363879081.7338
51.516693, 14.016693, 1363879081.7412
51.8667, 10.683304, 1363879081.7491
42.749496, -73.5951, 1363879081.7565
36.118896, -93.984, 1363879081.7639